Decay Times in Microseconds
3.64000015907
0.600000021223
0.600000021223
8.83999996404
0.51999995776
1.39999997373
3.59999967259
1.44000023283
1.44000023283
3.35999993695
1.96000019059
2.67999985226
0.959999852057
1.32000013764
0.440000349045
14.1999998959
1.32000059239
3.48000048689
1.20000004245
0.879999788594
13.079999917
0.799999725132
0.400000317313
2.27999953495
1.63999993674
1.5200002963
9.55999985308
5.88000057178
0.879999788594
7.43999953556
6.52000016998
1.5200002963
1.91999970411
1.7200000002
19.7199988179
17.200000002
3.47999957739
2.79999949271
2.07999983104
3.04000059259
0.320000253851
0.84000021161
0.84000021161
3.92000038119
2.23999995796
0.559999534744
3.44000000041
4.24000063504
1.23999961943
4.56000088889
0.799998815637
5.56000122742
0.400001226808
5.12000042363
1.35999835038
1.35999835038
1.35999835038
0.879999788594
6.47999877401
4.35999936599
3.44000000041
5.72000135435
5.72000135435
0.879999788594
1.7200000002
1.83999873116
6.88000000082
0.8400020306
0.8400020306
10.0800025393
1.27999737742
1.79999915417
2.55999839283
0.560001353733
1.19999822346
1.51999847731
2.55999839283
2.91999822366
1.75999957719
0.800002453616
0.759999238653
4.80000016978
0.359999830835
0.359999830835
0.759999238653
0.559997715754
13.7999995786
13.7999995786
1.20000186143
0.760002876632
2.00000067707
1.19999822346
12.7600033011
4.87999932375
2.11999940802
2.63999754679
0.520001776749
2.47999923886
2.52000245382
1.4800025383
5.91999560129
1.87999830814
5.31999830855
0.760002876632
0.760002876632
3.44000000041
1.15999864647
1.84000236914
4.28000203101
2.7600035537
2.15999898501
2.15999898501
3.08000016958
1.83999509318
0.8400020306
2.00000067707
2.20000219997
11.3600035547
10.2799967863
2.75999627775
2.28000135394
3.72000067728
2.59999796981
2.5600020308
1.84000236914
1.84000236914
0.599997292738
3.95999813918
1.31999695441
6.36000186205
0.679996446706
3.68000473827
0.520005414728
9.83999780146
3.23999847751
3.23999847751
14.9999978021
18.5600001714
4.11999644712
11.8000025395
2.15999898501
4.59999864688
2.11999577004
0.759995600674
1.0799994925
1.0799994925
1.11999543151
0.680003722664
12.8399988171
12.8399988171
2.5200060918
3.91999492422
1.39999610838
1.2800010154
2.72000033874
3.11999610858
0.599997292738
0.599997292738
3.99999407819
1.51999847731
2.36000050791
18.9600032172
2.75999627775
1.4800025383
1.12000270747
4.36000118498
1.23999780044
2.24000541493
1.75999593921
0.44000626076
3.64000152331
4.92000253871
3.79999983124
2.43999238592
2.9600050766
0.320011167787
3.44000000041
0.479994923808
3.48000321537
1.00000761449
0.879997969605
1.32000423037
5.75999729335
4.31999797001
0.799991539679
1.59999763127
3.23999847751
3.04001150653
2.7600035537
1.91999424715
1.23999780044
0.839994754642
0.879997969605
1.79999915417
1.79999915417
4.11999644712
5.35999424756
0.680010998622
0.51999813877
0.840009306557
2.1599998945
9.64000014392
5.36000015927
0.479999926029
0.399999862566
0.559999989491
1.43999932334
3.16000023304
4.64000004285
0.600000021223
1.23999961943
1.76000048668
4.00000044465
0.799999725132
1.20000004245
6.36000004306
4.91999890073
2.31999911193
0.680000084685
3.36000084644
1.0799994925
1.04000173451
0.84000021161
4.44000033895
1.08000131149
3.95999995817
5.16000000061
0.879999788594
0.84000021161
10.1200002973
1.00000033854
2.04000025406
3.60000012734
3.72000067728
3.00000101561
1.84000055015
1.68000042322
1.68000042322
6.88000000082
4.20000105805
15.7600006787
0.440000803792
4.60000228486
0.719999661669
2.43999966187
0.839998392621
1.44000296132
13.4399997478
2.92000186164
7.64000287745
0.520001776749
1.36000016937
1.00000033854
7.84000076237
4.5599990699
1.47999890032
5.04000126966
2.28000135394
4.44000033895
7.5600000855
7.5600000855
15.2800021169
2.23999813898
1.88000194612
3.67999746231
4.5599990699
0.920001184568
0.680000084685
1.64000084624
1.68000042322
0.51999813877
2.24000177695
5.72000135435
1.7200000002
1.40000338433
2.68000439974
16.6000027093
0.400003045797
3.08000016958
0.839994754642
2.5600020308
1.23999780044
0.51999813877
0.319996615872
9.9999961094
6.52000016998
2.87999864668
1.4800025383
10.3999991552
1.16000592243
4.03999729315
3.59999830835
0.599997292738
13.3200010168
0.319996615872
2.92000186164
6.20000355411
0.44000626076
0.8400020306
2.48000287684
0.439998984803
6.23999949312
4.91999526275
3.64000152331
9.96000017039
9.96000017039
1.91999424715
1.43999932334
1.2800010154
2.68000439974
1.56000169227
1.56000169227
4.80000016978
4.80000016978
1.2800010154
1.39999610838
2.72000033874
0.960004399531
2.59999796981
1.51999847731
1.51999847731
16.8400001712
0.760002876632
1.63999357028
1.63999357028
13.000004401
1.0400035535
1.84000236914
4.20000287704
3.04000423057
1.56000169227
2.3200045689
10.6400038931
0.320003891829
1.12000270747
3.72000067728
1.43999932334
5.67999813939
1.56000169227
11.4400027087
1.03999627754
2.04000389203
1.20000186143
6.20000355411
0.960004399531
4.56000270788
3.79999983124
0.679996446706
4.95999120176
3.00000829156
0.960004399531
0.599990016781
0.760002876632
1.19999458548
1.84000236914
3.64000152331
0.400003045797
0.44000626076
0.760002876632
3.03999695461
2.51999881584
1.55999441631
0.479994923808
5.59999898542
1.23999780044
0.560001353733
5.75999729335
0.44000626076
14.7600076161
1.36000744533
4.15999966208
6.47999695502
9.12000541575
1.27999999222
0.440000121671
0.760000148148
16.6800000443
4.4399998842
16.1999998909
0.399999862566
1.56000032803
4.4399998842
9.35999969442
17.1599999703
0.799999725132
4.68000007459
12.5599999592
2.48000014835
0.51999995776
5.16000000061
2.07999983104
3.44000000041
4.15999966208
2.07999983104
19.0800001292
19.0800001292
4.40000076196
0.879999788594
4.15999966208
15.5600009748
1.9599992811
15.9600003826
1.23999961943
12.0799995784
12.0799995784
0.359999830835
0.359999830835
0.399999407819
1.87999830814
4.08000050811
3.99999771616
0.960000761552
11.7199997476
0.439998984803
0.799998815637
4.47999991593
0.560001353733
1.36000016937
2.11999940802
7.43999771657
7.43999771657
1.7200000002
0.839998392621
1.36000016937
9.40000245464
5.59999898542
3.76000025426
0.359999830835
3.00000101561
1.0799994925
0.600000930717
5.91999923927
10.759998986
2.16000262299
0.799998815637
1.23999780044
0.600000930717
3.51999915438
0.480002199765
2.95999780064
3.03999695461
1.51999847731
1.59999763127
0.839994754642
1.2800010154
1.2800010154
1.0799994925
1.36000016937
1.36000016937
0.479994923808
0.839994754642
3.15999932354
1.79999915417
4.11999644712
1.03999627754
0.599997292738
19.519997295
5.28000236955
18.0799979717
3.56000236934
0.640000507701
1.4800025383
2.40000372287
5.31999830855
4.84000338474
5.47999661649
11.1600020318
0.719999661669
7.72000203142
1.15999864647
1.67999678524
0.879997969605
2.07999983104
6.03999797022
3.00000101561
3.44000000041
2.24000541493
0.960004399531
1.59999763127
0.320003891829
1.7200000002
1.27999373944
13.6400049087
13.6400049087
6.40000507701
6.40000507701
4.76000423077
17.0000057551
6.36000186205
0.879997969605
1.03999627754
4.84000338474
4.84000338474
1.32000423037
1.47999526234
1.47999526234
2.5600020308
0.799998815637
14.4399964483
0.640000507701
0.359999830835
0.640000507701
0.719999661669
4.28000203101
1.12000270747
2.5600020308
6.91999593982
0.920001184568
2.080007107
0.920001184568
3.12000338454
1.20000913739
5.03999763168
0.920001184568
1.12000270747
2.23999086302
2.23999086302
4.92000253871
0.919986632653
1.23999780044
1.52000575326
1.52000575326
14.0399934025
6.52000016998
3.55999509338
8.99999577086
0.520012690686
1.55999441631
1.32000423037
1.2800010154
3.31999035552
3.23999847751
4.55998815596
6.03999069426
2.83999543171
6.96000643075
5.03999763168
4.99999441672
19.8800116777
2.15999898501
1.2800010154
0.759988324717
0.719999661669
0.319996615872
1.35999289341
4.03999001719
7.08000152372
0.479994923808
4.08000778407
2.84000998363
2.2800086299
0.679996446706
1.87999103218
1.43999932334
1.39999610838
0.560001353733
3.80000005862
1.07999994725
3.04000013784
1.36000016937
2.00000022232
0.400000317313
1.28000010591
7.48000002204
10.7599998955
12.2000001284
1.47999980982
1.03999991552
1.76000048668
1.76000048668
1.35999925988
10.4399996417
0.51999995776
10.0400002339
2.67999985226
1.63999993674
4.7600005928
5.6399985624
4.60000046587
0.480000380776
4.44000033895
7.91999991634
0.640000507701
1.2800010154
0.440000803792
4.28000021202
1.23999961943
0.640000507701
0.480000380776
1.16000046546
1.16000046546
2.84000088868
4.7600005928
0.920001184568
8.71999873198
5.8400000853
0.400003045797
1.64000084624
5.72000135435
0.320000253851
2.52000245382
1.32000059239
1.59999763127
0.320000253851
1.36000016937
4.40000076196
4.71999737783
1.31999695441
2.99999737763
1.23999780044
4.19999923906
6.88000000082
1.0799994925
0.479998561786
6.08000118518
5.00000169268
6.52000016998
4.12000008509
2.68000076176
1.47999890032
2.87999864668
2.5600020308
1.9200015231
0.640000507701
0.640000507701
1.76000321517
13.8000032166
18.3199954336
0.799998815637
1.23999780044
7.75999797042
7.75999797042
3.67999746231
2.79999949271
4.12000372307
1.31999695441
1.76000321517
7.12000473868
0.479994923808
15.9600022016
15.9600022016
1.11999543151
0.880005245563
1.87999830814
0.719999661669
1.87999830814
0.8400020306
1.79999915417
0.879997969605
4.31999797001
0.680003722664
0.51999813877
0.51999813877
2.84000270767
15.7999966177
15.7999966177
0.439998984803
9.36000287766
9.31999966269
6.23999949312
6.23999949312
1.59999763127
2.39999644691
0.920001184568
0.680003722664
2.31999729294
7.44000135455
0.879997969605
15.9600022016
13.3599969558
0.879997969605
2.31999729294
0.599997292738
1.60000490723
0.359999830835
0.359999830835
0.959997123573
10.6399966171
0.839994754642
1.43999932334
4.28000203101
2.120003046
0.8400020306
2.51999881584
4.72000101581
1.32000423037
2.72000033874
1.43999932334
0.679996446706
0.359999830835
1.32000423037
3.72000795323
1.71999272425
1.11998815555
0.479994923808
1.60001218319
4.87999932375
0.799991539679
2.15999898501
2.87999864668
3.28000169247
10.83999814
1.71999272425
3.64000152331
2.83999543171
2.79999221675
7.19999661669
0.640007783659
2.39998917095
1.32000423037
0.51999813877
1.75999593921
2.27999407798
9.5599971246
2.68001167569
1.95999746211
0.800006091595
11.9200121844
1.4800025383
1.32000423037
14.2799981404
4.6400091378
2.12001032196
0.51999813877
3.44000000041
17.120008124
3.39999678545
0.799991539679
3.84000304621
1.12000270747
1.12000270747
0.639993231744
10.5200015241
1.7200000002
1.47999998035
1.4799999235
0.920000047699
2.23999995796
1.48000003719
0.799999952505
0.720000116416
1.51999984155
3.87999989471
4.19999969381
0.399999862566
2.32000002143
0.720000116416
0.680000084685
0.680000084685
4.72000010632
0.399999862566
0.359999830835
0.679999629938
7.67999972595
8.11999962025
0.439999894297
1.28000010591
2.8000004022
1.92000061361
2.99999919662
1.36000016937
5.56000122742
0.360001649824
2.5999997888
1.08000131149
1.48000071931
0.680000084685
0.599999111728
1.36000016937
1.75999957719
1.75999957719
4.00000135414
1.67999678524
1.0799994925
1.0799994925
0.8400020306
0.8400020306
1.15999864647
1.87999830814
5.95999881625
4.32000160799
0.960000761552
0.439998984803
2.04000025406
1.68000042322
1.20000186143
1.39999974635
2.60000160779
2.60000160779
1.79999915417
1.83999873116
3.04000059259
19.8800007638
1.15999864647
2.51999881584
0.599997292738
2.83999906969
5.68000177736
5.68000177736
0.359999830835
0.559997715754
1.00000033854
1.56000169227
1.0799994925
1.60000126925
0.960000761552
0.839998392621
7.20000389265
1.59999763127
1.59999763127
0.8400020306
13.8800023706
1.16000592243
0.439998984803
0.760002876632
16.1600037245
0.400003045797
4.84000338474
4.92000253871
1.79999915417
0.640000507701
0.640000507701
2.15999898501
2.120003046
2.03999661608
20.3199961106
1.64000084624
1.64000084624
4.87999932375
2.83999543171
0.480002199765
0.759995600674
5.64000220038
1.96000473807
0.480002199765
4.92000253871
9.04000626178
0.51999813877
1.00000033854
0.479994923808
1.8800055841
0.51999813877
1.40000338433
1.7200000002
0.320003891829
0.680003722664
1.87999830814
1.4800025383
1.4800025383
1.2800010154
2.39999644691
0.359999830835
1.20000186143
1.12000270747
4.51999949291
14.1599957715
3.87999898521
2.00000067707
6.52000016998
4.40000439994
2.39999644691
0.719999661669
0.680003722664
1.7200000002
1.7200000002
2.72000033874
1.15999864647
8.47999763209
3.51999915438
2.15999898501
1.40000338433
1.0400035535
6.88000000082
1.03999627754
1.79999915417
4.36000118498
2.68001167569
1.43999932334
18.8800040632
10.9999964479
0.359999830835
6.23999221716
2.83999543171
3.44000000041
3.44000000041
2.95999052469
2.60000524577
4.23999154009
0.600004568696
3.19999526255
3.19999526255
17.3600128619
19.1600120161
3.72000795323
3.68000473827
1.76001049113
1.0799994925
7.31999170966
0.879997969605
1.79999915417
0.960004399531
0.999993062578
2.03998934012
5.95999881625
0.51999813877
11.2400011858
8.96000710782
1.87999103218
1.87999103218
1.95999746211
0.600004568696
0.520000014603
16.4799998856
16.4799998856
0.520000412507
3.15999977829
0.640000052954
3.35999993695
1.68000042322
8.12000052974
8.12000052974
5.87999966228
2.3999991754
7.08000061422
1.80000097316
2.40000008489
0.360001649824
2.88000046567
1.2800010154
11.1600002128
1.00000033854
2.8000013117
0.919999365578
0.960000761552
1.96000110009
3.8800008042
2.00000067707
0.51999995776
1.76000139618
5.39999928151
6.44000101602
0.8400020306
4.44000033895
3.28000169247
3.28000169247
0.51999813877
0.51999813877
13.5200025397
0.359999830835
1.55999805429
1.32000059239
1.32000059239
7.59999966249
2.40000008489
3.47999957739
4.00000135414
4.00000135414
2.52000245382
0.399999407819
2.16000262299
2.75999991572
3.08000016958
3.00000101561
3.11999974656
1.56000169227
0.719999661669
1.91999788512
1.23999780044
13.5999980557
2.72000033874
0.51999813877
0.800002453616
0.920001184568
0.600000930717
0.399999407819
5.59999898542
0.640000507701
1.9200015231
2.95999780064
0.719999661669
2.20000219997
0.439998984803
1.7200000002
3.64000152331
0.799998815637
0.799998815637
2.36000050791
3.59999830835
1.84000236914
0.560001353733
0.560001353733
11.9199976325
0.400003045797
1.0400035535
3.79999983124
1.7200000002
1.7200000002
7.12000473868
2.20000219997
18.9200000023
18.9200000023
1.0400035535
3.87999898521
1.4800025383
2.11999577004
0.920001184568
0.839994754642
0.320003891829
3.72000067728
6.80000084685
4.31999797001
0.400003045797
2.87999864668
2.07999983104
3.08000016958
2.48000287684
0.520005414728
3.27999441652
14.0400006785
5.87999966228
0.8400020306
3.28000169247
8.47999763209
8.47999763209
0.520005414728
0.400003045797
3.20000253851
1.32000423037
1.39999610838
0.8400020306
1.47999526234
0.44000626076
0.359999830835
0.920001184568
12.6400045701
3.27999441652
1.00000033854
5.44000067748
3.92000220018
2.95999780064
0.439998984803
0.400003045797
4.12000372307
0.359999830835
2.39999644691
4.23999881605
0.640000507701
5.28000236955
0.879997969605
18.6399993254
1.15999864647
6.72000169288
20.0400027097
3.31999763148
3.44000000041
2.28000135394
0.640000507701
3.04000423057
0.759995600674
6.56000338495
0.359999830835
0.359999830835
0.319996615872
5.16000000061
5.84000372328
3.75999661628
0.960004399531
1.76000321517
0.51999813877
0.600004568696
5.59999898542
0.719999661669
2.72000033874
1.84000236914
2.47999560088
1.39999610838
1.43999932334
6.47999695502
1.0799994925
10.9600077849
1.20000913739
10.3200000012
4.76000423077
9.31999238674
3.59999830835
1.12000270747
0.879997969605
2.64000846073
2.9600050766
1.16000592243
2.48001015279
0.800006091595
0.44000626076
0.44000626076
1.87999103218
7.80000118539
1.51999120135
1.51999120135
1.23999780044
1.71999272425
2.83999543171
5.40001201443
3.40001133736
0.51999813877
4.11999644712
8.76000558492
0.480009475723
0.51999813877
1.00000761449
0.400003045797
0.999999997475
4.36000004811
1.24000007418
0.559999989491
0.559999989491
0.399999862566
0.399999862566
1.63999993674
2.64000027528
6.75999990563
1.15999955597
0.560000444239
0.639999598206
0.959999852057
0.920000275073
3.16000023304
0.600000021223
0.600000021223
4.12000008509
1.99999885808
2.75999991572
2.00000067707
2.00000067707
4.08000050811
18.7200002983
18.7200002983
2.20000038098
2.68000076176
0.84000021161
4.19999923906
1.75999957719
6.39999962004
1.00000033854
14.1599994095
2.44000148086
4.67999780085
1.75999957719
2.07999983104
7.36000220058
7.36000220058
1.19999822346
1.2800010154
0.359999830835
1.43999932334
0.879997969605
0.879997969605
10.83999814
0.760002876632
0.760002876632
4.44000033895
0.639996869722
3.59999830835
1.24000143842
14.2399985634
1.27999737742
2.32000093092
0.960000761552
0.880001607584
11.2399975478
4.12000008509
2.47999923886
0.919997546589
5.99999839324
2.40000008489
4.60000228486
2.15999898501
10.1600016933
1.32000423037
7.27999577066
4.80000016978
4.76000423077
0.959997123573
3.95999813918
2.07999983104
0.560001353733
1.7200000002
4.23999881605
3.08000016958
1.76000321517
2.15999898501
1.36000016937
1.56000169227
2.64000118477
9.52000118559
0.799998815637
0.560001353733
2.5600020308
2.5600020308
1.7200000002
0.799998815637
0.799998815637
4.04000456911
2.7600035537
4.08000050811
4.04000456911
1.19999458548
18.9999991562
3.4000040614
0.959997123573
1.83999509318
0.959997123573
1.9200015231
7.35999492463
0.599997292738
3.00000101561
2.15999898501
0.400003045797
4.80000016978
4.80000016978
3.87999898521
0.680003722664
10.83999814
5.27999509359
3.27999441652
3.27999441652
2.23999813898
1.51999847731
0.359999830835
13.1599954329
0.759995600674
1.0799994925
1.0400035535
4.87999932375
0.320003891829
0.560001353733
1.20000186143
1.23999780044
1.00000033854
0.39999576984
0.640000507701
0.640000507701
1.00000033854
0.520005414728
2.31999729294
0.719999661669
2.59999796981
1.12000270747
0.400003045797
1.32000423037
0.400003045797
0.920001184568
17.5199966179
1.0799994925
1.4800025383
1.84000236914
2.40000372287
2.11999577004
